2454
Ghost,51.5,251.5,0,0
Ghost,52.5,251.5,0,0
Ghost,53.5,251.5,0,0
Ghost,54.5,251.5,0,0
Ghost,55.5,251.5,0,0
Ghost,56.5,251.5,0,0
Ghost,57.5,251.5,0,0
Ghost,58.5,251.5,0,0
Ghost,59.5,251.5,0,0
Ghost,60.5,251.5,0,0
Ghost,61.5,251.5,0,0
Ghost,62.5,251.5,0,0
Ghost,63.5,251.5,0,0
Ghost,64.5,251.5,0,0
Ghost,65.5,251.5,0,0
Ghost,66.5,251.5,0,0
Ghost,67.5,251.5,0,0
Ghost,68.5,251.5,0,0
Ghost,69.5,251.5,0,0
Ghost,70.5,251.5,0,0
Ghost,71.5,251.5,0,0
Ghost,72.5,251.5,0,0
Ghost,73.5,251.5,0,0
Ghost,74.5,251.5,0,0
Ghost,75.5,251.5,0,0
Ghost,76.5,251.5,0,0
Ghost,77.5,251.5,0,0
Ghost,78.5,251.5,0,0
Ghost,79.5,251.5,0,0
Ghost,80.5,251.5,0,0
Ghost,81.5,251.5,0,0
Ghost,82.5,251.5,0,0
Ghost,83.5,251.5,0,0
Ghost,84.5,251.5,0,0
Ghost,85.5,251.5,0,0
Ghost,86.5,251.5,0,0
Ghost,87.5,251.5,0,0
Ghost,88.5,251.5,0,0
Ghost,89.5,251.5,0,0
Ghost,90.5,251.5,0,0
Ghost,91.5,251.5,0,0
Ghost,92.5,251.5,0,0
Ghost,93.5,251.5,0,0
Ghost,94.5,251.5,0,0
Ghost,95.5,251.5,0,0
Ghost,96.5,251.5,0,0
Ghost,97.5,251.5,0,0
Ghost,98.5,251.5,0,0
Ghost,51.5,252.5,0,0
Ghost,52.5,252.5,0,0
Ghost,53.5,252.5,0,0
Ghost,54.5,252.5,0,0
Ghost,55.5,252.5,0,0
Ghost,56.5,252.5,0,0
Ghost,57.5,252.5,0,0
Ghost,58.5,252.5,0,0
Ghost,59.5,252.5,0,0
Ghost,60.5,252.5,0,0
Ghost,61.5,252.5,0,0
Ghost,62.5,252.5,0,0
Ghost,63.5,252.5,0,0
Ghost,64.5,252.5,0,0
Ghost,65.5,252.5,0,0
Ghost,66.5,252.5,0,0
Ghost,67.5,252.5,0,0
Ghost,68.5,252.5,0,0
Ghost,69.5,252.5,0,0
Ghost,70.5,252.5,0,0
Ghost,71.5,252.5,0,0
Ghost,72.5,252.5,0,0
Ghost,73.5,252.5,0,0
Ghost,74.5,252.5,0,0
Ghost,75.5,252.5,0,0
Ghost,76.5,252.5,0,0
Ghost,77.5,252.5,0,0
Ghost,78.5,252.5,0,0
Ghost,79.5,252.5,0,0
Ghost,80.5,252.5,0,0
Ghost,81.5,252.5,0,0
Ghost,82.5,252.5,0,0
Ghost,83.5,252.5,0,0
Ghost,84.5,252.5,0,0
Ghost,85.5,252.5,0,0
Ghost,86.5,252.5,0,0
Ghost,87.5,252.5,0,0
Ghost,88.5,252.5,0,0
Ghost,89.5,252.5,0,0
Ghost,90.5,252.5,0,0
Ghost,91.5,252.5,0,0
Ghost,92.5,252.5,0,0
Ghost,93.5,252.5,0,0
Ghost,94.5,252.5,0,0
Ghost,95.5,252.5,0,0
Ghost,96.5,252.5,0,0
Ghost,97.5,252.5,0,0
Ghost,98.5,252.5,0,0
Ghost,51.5,253.5,0,0
Ghost,52.5,253.5,0,0
Ghost,53.5,253.5,0,0
Ghost,54.5,253.5,0,0
Ghost,55.5,253.5,0,0
Ghost,56.5,253.5,0,0
Ghost,57.5,253.5,0,0
Ghost,58.5,253.5,0,0
Ghost,59.5,253.5,0,0
Ghost,60.5,253.5,0,0
Ghost,61.5,253.5,0,0
Ghost,62.5,253.5,0,0
Ghost,63.5,253.5,0,0
Ghost,64.5,253.5,0,0
Ghost,65.5,253.5,0,0
Ghost,66.5,253.5,0,0
Ghost,67.5,253.5,0,0
Ghost,68.5,253.5,0,0
Ghost,69.5,253.5,0,0
Ghost,70.5,253.5,0,0
Ghost,71.5,253.5,0,0
Ghost,72.5,253.5,0,0
Ghost,73.5,253.5,0,0
Ghost,74.5,253.5,0,0
Ghost,75.5,253.5,0,0
Ghost,76.5,253.5,0,0
Ghost,77.5,253.5,0,0
Ghost,78.5,253.5,0,0
Ghost,79.5,253.5,0,0
Ghost,80.5,253.5,0,0
Ghost,81.5,253.5,0,0
Ghost,82.5,253.5,0,0
Ghost,83.5,253.5,0,0
Ghost,84.5,253.5,0,0
Ghost,85.5,253.5,0,0
Ghost,86.5,253.5,0,0
Ghost,87.5,253.5,0,0
Ghost,88.5,253.5,0,0
Ghost,89.5,253.5,0,0
Ghost,90.5,253.5,0,0
Ghost,91.5,253.5,0,0
Ghost,92.5,253.5,0,0
Ghost,93.5,253.5,0,0
Ghost,94.5,253.5,0,0
Ghost,95.5,253.5,0,0
Ghost,96.5,253.5,0,0
Ghost,97.5,253.5,0,0
Ghost,98.5,253.5,0,0
Ghost,51.5,254.5,0,0
Ghost,52.5,254.5,0,0
Ghost,53.5,254.5,0,0
Ghost,54.5,254.5,0,0
Ghost,55.5,254.5,0,0
Ghost,56.5,254.5,0,0
Ghost,57.5,254.5,0,0
Ghost,58.5,254.5,0,0
Ghost,59.5,254.5,0,0
Ghost,60.5,254.5,0,0
Ghost,61.5,254.5,0,0
Ghost,62.5,254.5,0,0
Ghost,63.5,254.5,0,0
Ghost,64.5,254.5,0,0
Ghost,65.5,254.5,0,0
Ghost,66.5,254.5,0,0
Ghost,67.5,254.5,0,0
Ghost,68.5,254.5,0,0
Ghost,69.5,254.5,0,0
Ghost,70.5,254.5,0,0
Ghost,71.5,254.5,0,0
Ghost,72.5,254.5,0,0
Ghost,73.5,254.5,0,0
Ghost,74.5,254.5,0,0
Ghost,75.5,254.5,0,0
Ghost,76.5,254.5,0,0
Ghost,77.5,254.5,0,0
Ghost,78.5,254.5,0,0
Ghost,79.5,254.5,0,0
Ghost,80.5,254.5,0,0
Ghost,81.5,254.5,0,0
Ghost,82.5,254.5,0,0
Ghost,83.5,254.5,0,0
Ghost,84.5,254.5,0,0
Ghost,85.5,254.5,0,0
Ghost,86.5,254.5,0,0
Ghost,87.5,254.5,0,0
Ghost,88.5,254.5,0,0
Ghost,89.5,254.5,0,0
Ghost,90.5,254.5,0,0
Ghost,91.5,254.5,0,0
Ghost,92.5,254.5,0,0
Ghost,93.5,254.5,0,0
Ghost,94.5,254.5,0,0
Ghost,95.5,254.5,0,0
Ghost,96.5,254.5,0,0
Ghost,97.5,254.5,0,0
Ghost,98.5,254.5,0,0
Ghost,51.5,255.5,0,0
Ghost,52.5,255.5,0,0
Ghost,53.5,255.5,0,0
Ghost,54.5,255.5,0,0
Ghost,55.5,255.5,0,0
Ghost,56.5,255.5,0,0
Ghost,57.5,255.5,0,0
Ghost,58.5,255.5,0,0
Ghost,59.5,255.5,0,0
Ghost,60.5,255.5,0,0
Ghost,61.5,255.5,0,0
Ghost,62.5,255.5,0,0
Ghost,63.5,255.5,0,0
Ghost,64.5,255.5,0,0
Ghost,65.5,255.5,0,0
Ghost,66.5,255.5,0,0
Ghost,67.5,255.5,0,0
Ghost,68.5,255.5,0,0
Ghost,69.5,255.5,0,0
Ghost,70.5,255.5,0,0
Ghost,71.5,255.5,0,0
Ghost,72.5,255.5,0,0
Ghost,73.5,255.5,0,0
Ghost,74.5,255.5,0,0
Ghost,75.5,255.5,0,0
Ghost,76.5,255.5,0,0
Ghost,77.5,255.5,0,0
Ghost,78.5,255.5,0,0
Ghost,79.5,255.5,0,0
Ghost,80.5,255.5,0,0
Ghost,81.5,255.5,0,0
Ghost,82.5,255.5,0,0
Ghost,83.5,255.5,0,0
Ghost,84.5,255.5,0,0
Ghost,85.5,255.5,0,0
Ghost,86.5,255.5,0,0
Ghost,87.5,255.5,0,0
Ghost,88.5,255.5,0,0
Ghost,89.5,255.5,0,0
Ghost,90.5,255.5,0,0
Ghost,91.5,255.5,0,0
Ghost,92.5,255.5,0,0
Ghost,93.5,255.5,0,0
Ghost,94.5,255.5,0,0
Ghost,95.5,255.5,0,0
Ghost,96.5,255.5,0,0
Ghost,97.5,255.5,0,0
Ghost,98.5,255.5,0,0
Ghost,51.5,256.5,0,0
Ghost,52.5,256.5,0,0
Ghost,53.5,256.5,0,0
Ghost,54.5,256.5,0,0
Ghost,55.5,256.5,0,0
Ghost,56.5,256.5,0,0
Ghost,57.5,256.5,0,0
Ghost,58.5,256.5,0,0
Ghost,59.5,256.5,0,0
Ghost,60.5,256.5,0,0
Ghost,61.5,256.5,0,0
Ghost,62.5,256.5,0,0
Ghost,63.5,256.5,0,0
Ghost,64.5,256.5,0,0
Ghost,65.5,256.5,0,0
Ghost,66.5,256.5,0,0
Ghost,67.5,256.5,0,0
Ghost,68.5,256.5,0,0
Ghost,69.5,256.5,0,0
Ghost,70.5,256.5,0,0
Ghost,71.5,256.5,0,0
Ghost,72.5,256.5,0,0
Ghost,73.5,256.5,0,0
Ghost,74.5,256.5,0,0
Ghost,75.5,256.5,0,0
Ghost,76.5,256.5,0,0
Ghost,77.5,256.5,0,0
Ghost,78.5,256.5,0,0
Ghost,79.5,256.5,0,0
Ghost,80.5,256.5,0,0
Ghost,81.5,256.5,0,0
Ghost,82.5,256.5,0,0
Ghost,83.5,256.5,0,0
Ghost,84.5,256.5,0,0
Ghost,85.5,256.5,0,0
Ghost,86.5,256.5,0,0
Ghost,87.5,256.5,0,0
Ghost,88.5,256.5,0,0
Ghost,89.5,256.5,0,0
Ghost,90.5,256.5,0,0
Ghost,91.5,256.5,0,0
Ghost,92.5,256.5,0,0
Ghost,93.5,256.5,0,0
Ghost,94.5,256.5,0,0
Ghost,95.5,256.5,0,0
Ghost,96.5,256.5,0,0
Ghost,97.5,256.5,0,0
Ghost,98.5,256.5,0,0
Ghost,273.649,251.105,4,0
Ghost,51.5,257.5,0,0
Ghost,52.5,257.5,0,0
Ghost,53.5,257.5,0,0
Ghost,54.5,257.5,0,0
Ghost,55.5,257.5,0,0
Ghost,56.5,257.5,0,0
Ghost,57.5,257.5,0,0
Ghost,58.5,257.5,0,0
Ghost,59.5,257.5,0,0
Ghost,60.5,257.5,0,0
Ghost,61.5,257.5,0,0
Ghost,62.5,257.5,0,0
Ghost,63.5,257.5,0,0
Ghost,64.5,257.5,0,0
Ghost,65.5,257.5,0,0
Ghost,66.5,257.5,0,0
Ghost,67.5,257.5,0,0
Ghost,68.5,257.5,0,0
Ghost,69.5,257.5,0,0
Ghost,70.5,257.5,0,0
Ghost,71.5,257.5,0,0
Ghost,72.5,257.5,0,0
Ghost,73.5,257.5,0,0
Ghost,74.5,257.5,0,0
Ghost,75.5,257.5,0,0
Ghost,76.5,257.5,0,0
Ghost,77.5,257.5,0,0
Ghost,78.5,257.5,0,0
Ghost,79.5,257.5,0,0
Ghost,80.5,257.5,0,0
Ghost,81.5,257.5,0,0
Ghost,82.5,257.5,0,0
Ghost,83.5,257.5,0,0
Ghost,84.5,257.5,0,0
Ghost,85.5,257.5,0,0
Ghost,86.5,257.5,0,0
Ghost,87.5,257.5,0,0
Ghost,88.5,257.5,0,0
Ghost,89.5,257.5,0,0
Ghost,90.5,257.5,0,0
Ghost,91.5,257.5,0,0
Ghost,92.5,257.5,0,0
Ghost,93.5,257.5,0,0
Ghost,94.5,257.5,0,0
Ghost,95.5,257.5,0,0
Ghost,96.5,257.5,0,0
Ghost,97.5,257.5,0,0
Ghost,98.5,257.5,0,0
Ghost,347.38,272.102,1,0
Ghost,51.5,258.5,0,0
Ghost,52.5,258.5,0,0
Ghost,53.5,258.5,0,0
Ghost,54.5,258.5,0,0
Ghost,55.5,258.5,0,0
Ghost,56.5,258.5,0,0
Ghost,57.5,258.5,0,0
Ghost,58.5,258.5,0,0
Ghost,59.5,258.5,0,0
Ghost,60.5,258.5,0,0
Ghost,61.5,258.5,0,0
Ghost,62.5,258.5,0,0
Ghost,63.5,258.5,0,0
Ghost,64.5,258.5,0,0
Ghost,65.5,258.5,0,0
Ghost,66.5,258.5,0,0
Ghost,67.5,258.5,0,0
Ghost,68.5,258.5,0,0
Ghost,69.5,258.5,0,0
Ghost,70.5,258.5,0,0
Ghost,71.5,258.5,0,0
Ghost,72.5,258.5,0,0
Ghost,73.5,258.5,0,0
Ghost,74.5,258.5,0,0
Ghost,75.5,258.5,0,0
Ghost,76.5,258.5,0,0
Ghost,77.5,258.5,0,0
Ghost,78.5,258.5,0,0
Ghost,79.5,258.5,0,0
Ghost,80.5,258.5,0,0
Ghost,81.5,258.5,0,0
Ghost,82.5,258.5,0,0
Ghost,83.5,258.5,0,0
Ghost,84.5,258.5,0,0
Ghost,85.5,258.5,0,0
Ghost,86.5,258.5,0,0
Ghost,87.5,258.5,0,0
Ghost,88.5,258.5,0,0
Ghost,89.5,258.5,0,0
Ghost,90.5,258.5,0,0
Ghost,91.5,258.5,0,0
Ghost,92.5,258.5,0,0
Ghost,93.5,258.5,0,0
Ghost,94.5,258.5,0,0
Ghost,95.5,258.5,0,0
Ghost,96.5,258.5,0,0
Ghost,97.5,258.5,0,0
Ghost,98.5,258.5,0,0
Ghost,51.5,259.5,0,0
Ghost,52.5,259.5,0,0
Ghost,53.5,259.5,0,0
Ghost,54.5,259.5,0,0
Ghost,55.5,259.5,0,0
Ghost,56.5,259.5,0,0
Ghost,57.5,259.5,0,0
Ghost,58.5,259.5,0,0
Ghost,59.5,259.5,0,0
Ghost,60.5,259.5,0,0
Ghost,61.5,259.5,0,0
Ghost,62.5,259.5,0,0
Ghost,63.5,259.5,0,0
Ghost,64.5,259.5,0,0
Ghost,65.5,259.5,0,0
Ghost,66.5,259.5,0,0
Ghost,67.5,259.5,0,0
Ghost,68.5,259.5,0,0
Ghost,69.5,259.5,0,0
Ghost,70.5,259.5,0,0
Ghost,71.5,259.5,0,0
Ghost,72.5,259.5,0,0
Ghost,73.5,259.5,0,0
Ghost,74.5,259.5,0,0
Ghost,75.5,259.5,0,0
Ghost,76.5,259.5,0,0
Ghost,77.5,259.5,0,0
Ghost,78.5,259.5,0,0
Ghost,79.5,259.5,0,0
Ghost,80.5,259.5,0,0
Ghost,81.5,259.5,0,0
Ghost,82.5,259.5,0,0
Ghost,83.5,259.5,0,0
Ghost,84.5,259.5,0,0
Ghost,85.5,259.5,0,0
Ghost,86.5,259.5,0,0
Ghost,87.5,259.5,0,0
Ghost,88.5,259.5,0,0
Ghost,89.5,259.5,0,0
Ghost,90.5,259.5,0,0
Ghost,91.5,259.5,0,0
Ghost,92.5,259.5,0,0
Ghost,93.5,259.5,0,0
Ghost,94.5,259.5,0,0
Ghost,95.5,259.5,0,0
Ghost,96.5,259.5,0,0
Ghost,97.5,259.5,0,0
Ghost,98.5,259.5,0,0
Ghost,248.452,251.991,2,0
Ghost,398.898,253.108,1,1
Ghost,51.5,260.5,0,0
Ghost,52.5,260.5,0,0
Ghost,53.5,260.5,0,0
Ghost,54.5,260.5,0,0
Ghost,55.5,260.5,0,0
Ghost,56.5,260.5,0,0
Ghost,57.5,260.5,0,0
Ghost,58.5,260.5,0,0
Ghost,59.5,260.5,0,0
Ghost,60.5,260.5,0,0
Ghost,61.5,260.5,0,0
Ghost,62.5,260.5,0,0
Ghost,63.5,260.5,0,0
Ghost,64.5,260.5,0,0
Ghost,65.5,260.5,0,0
Ghost,66.5,260.5,0,0
Ghost,67.5,260.5,0,0
Ghost,68.5,260.5,0,0
Ghost,69.5,260.5,0,0
Ghost,70.5,260.5,0,0
Ghost,71.5,260.5,0,0
Ghost,72.5,260.5,0,0
Ghost,73.5,260.5,0,0
Ghost,74.5,260.5,0,0
Ghost,75.5,260.5,0,0
Ghost,76.5,260.5,0,0
Ghost,77.5,260.5,0,0
Ghost,78.5,260.5,0,0
Ghost,79.5,260.5,0,0
Ghost,80.5,260.5,0,0
Ghost,81.5,260.5,0,0
Ghost,82.5,260.5,0,0
Ghost,83.5,260.5,0,0
Ghost,84.5,260.5,0,0
Ghost,85.5,260.5,0,0
Ghost,86.5,260.5,0,0
Ghost,87.5,260.5,0,0
Ghost,88.5,260.5,0,0
Ghost,89.5,260.5,0,0
Ghost,90.5,260.5,0,0
Ghost,91.5,260.5,0,0
Ghost,92.5,260.5,0,0
Ghost,93.5,260.5,0,0
Ghost,94.5,260.5,0,0
Ghost,95.5,260.5,0,0
Ghost,96.5,260.5,0,0
Ghost,97.5,260.5,0,0
Ghost,98.5,260.5,0,0
Ghost,51.5,261.5,0,0
Ghost,52.5,261.5,0,0
Ghost,53.5,261.5,0,0
Ghost,54.5,261.5,0,0
Ghost,55.5,261.5,0,0
Ghost,56.5,261.5,0,0
Ghost,57.5,261.5,0,0
Ghost,58.5,261.5,0,0
Ghost,59.5,261.5,0,0
Ghost,60.5,261.5,0,0
Ghost,61.5,261.5,0,0
Ghost,62.5,261.5,0,0
Ghost,63.5,261.5,0,0
Ghost,64.5,261.5,0,0
Ghost,65.5,261.5,0,0
Ghost,66.5,261.5,0,0
Ghost,67.5,261.5,0,0
Ghost,68.5,261.5,0,0
Ghost,69.5,261.5,0,0
Ghost,70.5,261.5,0,0
Ghost,71.5,261.5,0,0
Ghost,72.5,261.5,0,0
Ghost,73.5,261.5,0,0
Ghost,74.5,261.5,0,0
Ghost,75.5,261.5,0,0
Ghost,76.5,261.5,0,0
Ghost,77.5,261.5,0,0
Ghost,78.5,261.5,0,0
Ghost,79.5,261.5,0,0
Ghost,80.5,261.5,0,0
Ghost,81.5,261.5,0,0
Ghost,82.5,261.5,0,0
Ghost,83.5,261.5,0,0
Ghost,84.5,261.5,0,0
Ghost,85.5,261.5,0,0
Ghost,86.5,261.5,0,0
Ghost,87.5,261.5,0,0
Ghost,88.5,261.5,0,0
Ghost,89.5,261.5,0,0
Ghost,90.5,261.5,0,0
Ghost,91.5,261.5,0,0
Ghost,92.5,261.5,0,0
Ghost,93.5,261.5,0,0
Ghost,94.5,261.5,0,0
Ghost,95.5,261.5,0,0
Ghost,96.5,261.5,0,0
Ghost,97.5,261.5,0,0
Ghost,98.5,261.5,0,0
Ghost,276.104,263.206,3,0
Ghost,392.047,254.104,3,0
Ghost,364.1,254.105,3,0
Ghost,398.898,253.101,1,0
Ghost,51.5,262.5,0,0
Ghost,52.5,262.5,0,0
Ghost,53.5,262.5,0,0
Ghost,54.5,262.5,0,0
Ghost,55.5,262.5,0,0
Ghost,56.5,262.5,0,0
Ghost,57.5,262.5,0,0
Ghost,58.5,262.5,0,0
Ghost,59.5,262.5,0,0
Ghost,60.5,262.5,0,0
Ghost,61.5,262.5,0,0
Ghost,62.5,262.5,0,0
Ghost,63.5,262.5,0,0
Ghost,64.5,262.5,0,0
Ghost,65.5,262.5,0,0
Ghost,66.5,262.5,0,0
Ghost,67.5,262.5,0,0
Ghost,68.5,262.5,0,0
Ghost,69.5,262.5,0,0
Ghost,70.5,262.5,0,0
Ghost,71.5,262.5,0,0
Ghost,72.5,262.5,0,0
Ghost,73.5,262.5,0,0
Ghost,74.5,262.5,0,0
Ghost,75.5,262.5,0,0
Ghost,76.5,262.5,0,0
Ghost,77.5,262.5,0,0
Ghost,78.5,262.5,0,0
Ghost,79.5,262.5,0,0
Ghost,80.5,262.5,0,0
Ghost,81.5,262.5,0,0
Ghost,82.5,262.5,0,0
Ghost,83.5,262.5,0,0
Ghost,84.5,262.5,0,0
Ghost,85.5,262.5,0,0
Ghost,86.5,262.5,0,0
Ghost,87.5,262.5,0,0
Ghost,88.5,262.5,0,0
Ghost,89.5,262.5,0,0
Ghost,90.5,262.5,0,0
Ghost,91.5,262.5,0,0
Ghost,92.5,262.5,0,0
Ghost,93.5,262.5,0,0
Ghost,94.5,262.5,0,0
Ghost,95.5,262.5,0,0
Ghost,96.5,262.5,0,0
Ghost,97.5,262.5,0,0
Ghost,98.5,262.5,0,0
Ghost,298.882,262.301,4,0
Ghost,51.5,263.5,0,0
Ghost,52.5,263.5,0,0
Ghost,53.5,263.5,0,0
Ghost,54.5,263.5,0,0
Ghost,55.5,263.5,0,0
Ghost,56.5,263.5,0,0
Ghost,57.5,263.5,0,0
Ghost,58.5,263.5,0,0
Ghost,59.5,263.5,0,0
Ghost,60.5,263.5,0,0
Ghost,61.5,263.5,0,0
Ghost,62.5,263.5,0,0
Ghost,63.5,263.5,0,0
Ghost,64.5,263.5,0,0
Ghost,65.5,263.5,0,0
Ghost,66.5,263.5,0,0
Ghost,67.5,263.5,0,0
Ghost,68.5,263.5,0,0
Ghost,69.5,263.5,0,0
Ghost,70.5,263.5,0,0
Ghost,71.5,263.5,0,0
Ghost,72.5,263.5,0,0
Ghost,73.5,263.5,0,0
Ghost,74.5,263.5,0,0
Ghost,75.5,263.5,0,0
Ghost,76.5,263.5,0,0
Ghost,77.5,263.5,0,0
Ghost,78.5,263.5,0,0
Ghost,79.5,263.5,0,0
Ghost,80.5,263.5,0,0
Ghost,81.5,263.5,0,0
Ghost,82.5,263.5,0,0
Ghost,83.5,263.5,0,0
Ghost,84.5,263.5,0,0
Ghost,85.5,263.5,0,0
Ghost,86.5,263.5,0,0
Ghost,87.5,263.5,0,0
Ghost,88.5,263.5,0,0
Ghost,89.5,263.5,0,0
Ghost,90.5,263.5,0,0
Ghost,91.5,263.5,0,0
Ghost,92.5,263.5,0,0
Ghost,93.5,263.5,0,0
Ghost,94.5,263.5,0,0
Ghost,95.5,263.5,0,0
Ghost,96.5,263.5,0,0
Ghost,97.5,263.5,0,0
Ghost,98.5,263.5,0,0
Ghost,51.5,264.5,0,0
Ghost,52.5,264.5,0,0
Ghost,53.5,264.5,0,0
Ghost,54.5,264.5,0,0
Ghost,55.5,264.5,0,0
Ghost,56.5,264.5,0,0
Ghost,57.5,264.5,0,0
Ghost,58.5,264.5,0,0
Ghost,59.5,264.5,0,0
Ghost,60.5,264.5,0,0
Ghost,61.5,264.5,0,0
Ghost,62.5,264.5,0,0
Ghost,63.5,264.5,0,0
Ghost,64.5,264.5,0,0
Ghost,65.5,264.5,0,0
Ghost,66.5,264.5,0,0
Ghost,67.5,264.5,0,0
Ghost,68.5,264.5,0,0
Ghost,69.5,264.5,0,0
Ghost,70.5,264.5,0,0
Ghost,71.5,264.5,0,0
Ghost,72.5,264.5,0,0
Ghost,73.5,264.5,0,0
Ghost,74.5,264.5,0,0
Ghost,75.5,264.5,0,0
Ghost,76.5,264.5,0,0
Ghost,77.5,264.5,0,0
Ghost,78.5,264.5,0,0
Ghost,79.5,264.5,0,0
Ghost,80.5,264.5,0,0
Ghost,81.5,264.5,0,0
Ghost,82.5,264.5,0,0
Ghost,83.5,264.5,0,0
Ghost,84.5,264.5,0,0
Ghost,85.5,264.5,0,0
Ghost,86.5,264.5,0,0
Ghost,87.5,264.5,0,0
Ghost,88.5,264.5,0,0
Ghost,89.5,264.5,0,0
Ghost,90.5,264.5,0,0
Ghost,91.5,264.5,0,0
Ghost,92.5,264.5,0,0
Ghost,93.5,264.5,0,0
Ghost,94.5,264.5,0,0
Ghost,95.5,264.5,0,0
Ghost,96.5,264.5,0,0
Ghost,97.5,264.5,0,0
Ghost,98.5,264.5,0,0
Ghost,51.5,265.5,0,0
Ghost,52.5,265.5,0,0
Ghost,53.5,265.5,0,0
Ghost,54.5,265.5,0,0
Ghost,55.5,265.5,0,0
Ghost,56.5,265.5,0,0
Ghost,57.5,265.5,0,0
Ghost,58.5,265.5,0,0
Ghost,59.5,265.5,0,0
Ghost,60.5,265.5,0,0
Ghost,61.5,265.5,0,0
Ghost,62.5,265.5,0,0
Ghost,63.5,265.5,0,0
Ghost,64.5,265.5,0,0
Ghost,65.5,265.5,0,0
Ghost,66.5,265.5,0,0
Ghost,67.5,265.5,0,0
Ghost,68.5,265.5,0,0
Ghost,69.5,265.5,0,0
Ghost,70.5,265.5,0,0
Ghost,71.5,265.5,0,0
Ghost,72.5,265.5,0,0
Ghost,73.5,265.5,0,0
Ghost,74.5,265.5,0,0
Ghost,75.5,265.5,0,0
Ghost,76.5,265.5,0,0
Ghost,77.5,265.5,0,0
Ghost,78.5,265.5,0,0
Ghost,79.5,265.5,0,0
Ghost,80.5,265.5,0,0
Ghost,81.5,265.5,0,0
Ghost,82.5,265.5,0,0
Ghost,83.5,265.5,0,0
Ghost,84.5,265.5,0,0
Ghost,85.5,265.5,0,0
Ghost,86.5,265.5,0,0
Ghost,87.5,265.5,0,0
Ghost,88.5,265.5,0,0
Ghost,89.5,265.5,0,0
Ghost,90.5,265.5,0,0
Ghost,91.5,265.5,0,0
Ghost,92.5,265.5,0,0
Ghost,93.5,265.5,0,0
Ghost,94.5,265.5,0,0
Ghost,95.5,265.5,0,0
Ghost,96.5,265.5,0,0
Ghost,97.5,265.5,0,0
Ghost,98.5,265.5,0,0
Ghost,199.5,265.5,0,0
Ghost,206.5,265.5,0,0
Ghost,276.12,283.889,2,0
Ghost,51.5,266.5,0,0
Ghost,52.5,266.5,0,0
Ghost,53.5,266.5,0,0
Ghost,54.5,266.5,0,0
Ghost,55.5,266.5,0,0
Ghost,56.5,266.5,0,0
Ghost,57.5,266.5,0,0
Ghost,58.5,266.5,0,0
Ghost,59.5,266.5,0,0
Ghost,60.5,266.5,0,0
Ghost,61.5,266.5,0,0
Ghost,62.5,266.5,0,0
Ghost,63.5,266.5,0,0
Ghost,64.5,266.5,0,0
Ghost,65.5,266.5,0,0
Ghost,66.5,266.5,0,0
Ghost,67.5,266.5,0,0
Ghost,68.5,266.5,0,0
Ghost,69.5,266.5,0,0
Ghost,70.5,266.5,0,0
Ghost,71.5,266.5,0,0
Ghost,72.5,266.5,0,0
Ghost,73.5,266.5,0,0
Ghost,74.5,266.5,0,0
Ghost,75.5,266.5,0,0
Ghost,76.5,266.5,0,0
Ghost,77.5,266.5,0,0
Ghost,78.5,266.5,0,0
Ghost,79.5,266.5,0,0
Ghost,80.5,266.5,0,0
Ghost,81.5,266.5,0,0
Ghost,82.5,266.5,0,0
Ghost,83.5,266.5,0,0
Ghost,84.5,266.5,0,0
Ghost,85.5,266.5,0,0
Ghost,86.5,266.5,0,0
Ghost,87.5,266.5,0,0
Ghost,88.5,266.5,0,0
Ghost,89.5,266.5,0,0
Ghost,90.5,266.5,0,0
Ghost,91.5,266.5,0,0
Ghost,92.5,266.5,0,0
Ghost,93.5,266.5,0,0
Ghost,94.5,266.5,0,0
Ghost,95.5,266.5,0,0
Ghost,96.5,266.5,0,0
Ghost,97.5,266.5,0,0
Ghost,98.5,266.5,0,0
Ghost,276.204,251.103,1,0
Ghost,51.5,267.5,0,0
Ghost,52.5,267.5,0,0
Ghost,53.5,267.5,0,0
Ghost,54.5,267.5,0,0
Ghost,55.5,267.5,0,0
Ghost,56.5,267.5,0,0
Ghost,57.5,267.5,0,0
Ghost,58.5,267.5,0,0
Ghost,59.5,267.5,0,0
Ghost,60.5,267.5,0,0
Ghost,61.5,267.5,0,0
Ghost,62.5,267.5,0,0
Ghost,63.5,267.5,0,0
Ghost,64.5,267.5,0,0
Ghost,65.5,267.5,0,0
Ghost,66.5,267.5,0,0
Ghost,67.5,267.5,0,0
Ghost,68.5,267.5,0,0
Ghost,69.5,267.5,0,0
Ghost,70.5,267.5,0,0
Ghost,71.5,267.5,0,0
Ghost,72.5,267.5,0,0
Ghost,73.5,267.5,0,0
Ghost,74.5,267.5,0,0
Ghost,75.5,267.5,0,0
Ghost,76.5,267.5,0,0
Ghost,77.5,267.5,0,0
Ghost,78.5,267.5,0,0
Ghost,79.5,267.5,0,0
Ghost,80.5,267.5,0,0
Ghost,81.5,267.5,0,0
Ghost,82.5,267.5,0,0
Ghost,83.5,267.5,0,0
Ghost,84.5,267.5,0,0
Ghost,85.5,267.5,0,0
Ghost,86.5,267.5,0,0
Ghost,87.5,267.5,0,0
Ghost,88.5,267.5,0,0
Ghost,89.5,267.5,0,0
Ghost,90.5,267.5,0,0
Ghost,91.5,267.5,0,0
Ghost,92.5,267.5,0,0
Ghost,93.5,267.5,0,0
Ghost,94.5,267.5,0,0
Ghost,95.5,267.5,0,0
Ghost,96.5,267.5,0,0
Ghost,97.5,267.5,0,0
Ghost,98.5,267.5,0,0
Ghost,355.126,279.599,3,0
Ghost,51.5,268.5,0,0
Ghost,52.5,268.5,0,0
Ghost,53.5,268.5,0,0
Ghost,54.5,268.5,0,0
Ghost,55.5,268.5,0,0
Ghost,56.5,268.5,0,0
Ghost,57.5,268.5,0,0
Ghost,58.5,268.5,0,0
Ghost,59.5,268.5,0,0
Ghost,60.5,268.5,0,0
Ghost,61.5,268.5,0,0
Ghost,62.5,268.5,0,0
Ghost,63.5,268.5,0,0
Ghost,64.5,268.5,0,0
Ghost,65.5,268.5,0,0
Ghost,66.5,268.5,0,0
Ghost,67.5,268.5,0,0
Ghost,68.5,268.5,0,0
Ghost,69.5,268.5,0,0
Ghost,70.5,268.5,0,0
Ghost,71.5,268.5,0,0
Ghost,72.5,268.5,0,0
Ghost,73.5,268.5,0,0
Ghost,74.5,268.5,0,0
Ghost,75.5,268.5,0,0
Ghost,76.5,268.5,0,0
Ghost,77.5,268.5,0,0
Ghost,78.5,268.5,0,0
Ghost,79.5,268.5,0,0
Ghost,80.5,268.5,0,0
Ghost,81.5,268.5,0,0
Ghost,82.5,268.5,0,0
Ghost,83.5,268.5,0,0
Ghost,84.5,268.5,0,0
Ghost,85.5,268.5,0,0
Ghost,86.5,268.5,0,0
Ghost,87.5,268.5,0,0
Ghost,88.5,268.5,0,0
Ghost,89.5,268.5,0,0
Ghost,90.5,268.5,0,0
Ghost,91.5,268.5,0,0
Ghost,92.5,268.5,0,0
Ghost,93.5,268.5,0,0
Ghost,94.5,268.5,0,0
Ghost,95.5,268.5,0,0
Ghost,96.5,268.5,0,0
Ghost,97.5,268.5,0,0
Ghost,98.5,268.5,0,0
Ghost,201.5,268.5,0,0
Ghost,298.846,265,2,0
Ghost,51.5,269.5,0,0
Ghost,52.5,269.5,0,0
Ghost,53.5,269.5,0,0
Ghost,54.5,269.5,0,0
Ghost,55.5,269.5,0,0
Ghost,56.5,269.5,0,0
Ghost,57.5,269.5,0,0
Ghost,58.5,269.5,0,0
Ghost,59.5,269.5,0,0
Ghost,60.5,269.5,0,0
Ghost,61.5,269.5,0,0
Ghost,62.5,269.5,0,0
Ghost,63.5,269.5,0,0
Ghost,64.5,269.5,0,0
Ghost,65.5,269.5,0,0
Ghost,66.5,269.5,0,0
Ghost,67.5,269.5,0,0
Ghost,68.5,269.5,0,0
Ghost,69.5,269.5,0,0
Ghost,70.5,269.5,0,0
Ghost,71.5,269.5,0,0
Ghost,72.5,269.5,0,0
Ghost,73.5,269.5,0,0
Ghost,74.5,269.5,0,0
Ghost,75.5,269.5,0,0
Ghost,76.5,269.5,0,0
Ghost,77.5,269.5,0,0
Ghost,78.5,269.5,0,0
Ghost,79.5,269.5,0,0
Ghost,80.5,269.5,0,0
Ghost,81.5,269.5,0,0
Ghost,82.5,269.5,0,0
Ghost,83.5,269.5,0,0
Ghost,84.5,269.5,0,0
Ghost,85.5,269.5,0,0
Ghost,86.5,269.5,0,0
Ghost,87.5,269.5,0,0
Ghost,88.5,269.5,0,0
Ghost,89.5,269.5,0,0
Ghost,90.5,269.5,0,0
Ghost,91.5,269.5,0,0
Ghost,92.5,269.5,0,0
Ghost,93.5,269.5,0,0
Ghost,94.5,269.5,0,0
Ghost,95.5,269.5,0,0
Ghost,96.5,269.5,0,0
Ghost,97.5,269.5,0,0
Ghost,98.5,269.5,0,0
Ghost,282.301,279.096,1,0
Ghost,51.5,270.5,0,0
Ghost,52.5,270.5,0,0
Ghost,53.5,270.5,0,0
Ghost,54.5,270.5,0,0
Ghost,55.5,270.5,0,0
Ghost,56.5,270.5,0,0
Ghost,57.5,270.5,0,0
Ghost,58.5,270.5,0,0
Ghost,59.5,270.5,0,0
Ghost,60.5,270.5,0,0
Ghost,61.5,270.5,0,0
Ghost,62.5,270.5,0,0
Ghost,63.5,270.5,0,0
Ghost,64.5,270.5,0,0
Ghost,65.5,270.5,0,0
Ghost,66.5,270.5,0,0
Ghost,67.5,270.5,0,0
Ghost,68.5,270.5,0,0
Ghost,69.5,270.5,0,0
Ghost,70.5,270.5,0,0
Ghost,71.5,270.5,0,0
Ghost,72.5,270.5,0,0
Ghost,73.5,270.5,0,0
Ghost,74.5,270.5,0,0
Ghost,75.5,270.5,0,0
Ghost,76.5,270.5,0,0
Ghost,77.5,270.5,0,0
Ghost,78.5,270.5,0,0
Ghost,79.5,270.5,0,0
Ghost,80.5,270.5,0,0
Ghost,81.5,270.5,0,0
Ghost,82.5,270.5,0,0
Ghost,83.5,270.5,0,0
Ghost,84.5,270.5,0,0
Ghost,85.5,270.5,0,0
Ghost,86.5,270.5,0,0
Ghost,87.5,270.5,0,0
Ghost,88.5,270.5,0,0
Ghost,89.5,270.5,0,0
Ghost,90.5,270.5,0,0
Ghost,91.5,270.5,0,0
Ghost,92.5,270.5,0,0
Ghost,93.5,270.5,0,0
Ghost,94.5,270.5,0,0
Ghost,95.5,270.5,0,0
Ghost,96.5,270.5,0,0
Ghost,97.5,270.5,0,0
Ghost,98.5,270.5,0,0
Ghost,207.5,270.5,0,0
Ghost,346.699,254.101,3,0
Ghost,51.5,271.5,0,0
Ghost,52.5,271.5,0,0
Ghost,53.5,271.5,0,0
Ghost,54.5,271.5,0,0
Ghost,55.5,271.5,0,0
Ghost,56.5,271.5,0,0
Ghost,57.5,271.5,0,0
Ghost,58.5,271.5,0,0
Ghost,59.5,271.5,0,0
Ghost,60.5,271.5,0,0
Ghost,61.5,271.5,0,0
Ghost,62.5,271.5,0,0
Ghost,63.5,271.5,0,0
Ghost,64.5,271.5,0,0
Ghost,65.5,271.5,0,0
Ghost,66.5,271.5,0,0
Ghost,67.5,271.5,0,0
Ghost,68.5,271.5,0,0
Ghost,69.5,271.5,0,0
Ghost,70.5,271.5,0,0
Ghost,71.5,271.5,0,0
Ghost,72.5,271.5,0,0
Ghost,73.5,271.5,0,0
Ghost,74.5,271.5,0,0
Ghost,75.5,271.5,0,0
Ghost,76.5,271.5,0,0
Ghost,77.5,271.5,0,0
Ghost,78.5,271.5,0,0
Ghost,79.5,271.5,0,0
Ghost,80.5,271.5,0,0
Ghost,81.5,271.5,0,0
Ghost,82.5,271.5,0,0
Ghost,83.5,271.5,0,0
Ghost,84.5,271.5,0,0
Ghost,85.5,271.5,0,0
Ghost,86.5,271.5,0,0
Ghost,87.5,271.5,0,0
Ghost,88.5,271.5,0,0
Ghost,89.5,271.5,0,0
Ghost,90.5,271.5,0,0
Ghost,91.5,271.5,0,0
Ghost,92.5,271.5,0,0
Ghost,93.5,271.5,0,0
Ghost,94.5,271.5,0,0
Ghost,95.5,271.5,0,0
Ghost,96.5,271.5,0,0
Ghost,97.5,271.5,0,0
Ghost,98.5,271.5,0,0
Ghost,199.5,271.5,0,0
Ghost,51.5,272.5,0,0
Ghost,52.5,272.5,0,0
Ghost,53.5,272.5,0,0
Ghost,54.5,272.5,0,0
Ghost,55.5,272.5,0,0
Ghost,56.5,272.5,0,0
Ghost,57.5,272.5,0,0
Ghost,58.5,272.5,0,0
Ghost,59.5,272.5,0,0
Ghost,60.5,272.5,0,0
Ghost,61.5,272.5,0,0
Ghost,62.5,272.5,0,0
Ghost,63.5,272.5,0,0
Ghost,64.5,272.5,0,0
Ghost,65.5,272.5,0,0
Ghost,66.5,272.5,0,0
Ghost,67.5,272.5,0,0
Ghost,68.5,272.5,0,0
Ghost,69.5,272.5,0,0
Ghost,70.5,272.5,0,0
Ghost,71.5,272.5,0,0
Ghost,72.5,272.5,0,0
Ghost,73.5,272.5,0,0
Ghost,74.5,272.5,0,0
Ghost,75.5,272.5,0,0
Ghost,76.5,272.5,0,0
Ghost,77.5,272.5,0,0
Ghost,78.5,272.5,0,0
Ghost,79.5,272.5,0,0
Ghost,80.5,272.5,0,0
Ghost,81.5,272.5,0,0
Ghost,82.5,272.5,0,0
Ghost,83.5,272.5,0,0
Ghost,84.5,272.5,0,0
Ghost,85.5,272.5,0,0
Ghost,86.5,272.5,0,0
Ghost,87.5,272.5,0,0
Ghost,88.5,272.5,0,0
Ghost,89.5,272.5,0,0
Ghost,90.5,272.5,0,0
Ghost,91.5,272.5,0,0
Ghost,92.5,272.5,0,0
Ghost,93.5,272.5,0,0
Ghost,94.5,272.5,0,0
Ghost,95.5,272.5,0,0
Ghost,96.5,272.5,0,0
Ghost,97.5,272.5,0,0
Ghost,98.5,272.5,0,0
Ghost,51.5,273.5,0,0
Ghost,52.5,273.5,0,0
Ghost,53.5,273.5,0,0
Ghost,54.5,273.5,0,0
Ghost,55.5,273.5,0,0
Ghost,56.5,273.5,0,0
Ghost,57.5,273.5,0,0
Ghost,58.5,273.5,0,0
Ghost,59.5,273.5,0,0
Ghost,60.5,273.5,0,0
Ghost,61.5,273.5,0,0
Ghost,62.5,273.5,0,0
Ghost,63.5,273.5,0,0
Ghost,64.5,273.5,0,0
Ghost,65.5,273.5,0,0
Ghost,66.5,273.5,0,0
Ghost,67.5,273.5,0,0
Ghost,68.5,273.5,0,0
Ghost,69.5,273.5,0,0
Ghost,70.5,273.5,0,0
Ghost,71.5,273.5,0,0
Ghost,72.5,273.5,0,0
Ghost,73.5,273.5,0,0
Ghost,74.5,273.5,0,0
Ghost,75.5,273.5,0,0
Ghost,76.5,273.5,0,0
Ghost,77.5,273.5,0,0
Ghost,78.5,273.5,0,0
Ghost,79.5,273.5,0,0
Ghost,80.5,273.5,0,0
Ghost,81.5,273.5,0,0
Ghost,82.5,273.5,0,0
Ghost,83.5,273.5,0,0
Ghost,84.5,273.5,0,0
Ghost,85.5,273.5,0,0
Ghost,86.5,273.5,0,0
Ghost,87.5,273.5,0,0
Ghost,88.5,273.5,0,0
Ghost,89.5,273.5,0,0
Ghost,90.5,273.5,0,0
Ghost,91.5,273.5,0,0
Ghost,92.5,273.5,0,0
Ghost,93.5,273.5,0,0
Ghost,94.5,273.5,0,0
Ghost,95.5,273.5,0,0
Ghost,96.5,273.5,0,0
Ghost,97.5,273.5,0,0
Ghost,98.5,273.5,0,0
Ghost,51.5,274.5,0,0
Ghost,52.5,274.5,0,0
Ghost,53.5,274.5,0,0
Ghost,54.5,274.5,0,0
Ghost,55.5,274.5,0,0
Ghost,56.5,274.5,0,0
Ghost,57.5,274.5,0,0
Ghost,58.5,274.5,0,0
Ghost,59.5,274.5,0,0
Ghost,60.5,274.5,0,0
Ghost,61.5,274.5,0,0
Ghost,62.5,274.5,0,0
Ghost,63.5,274.5,0,0
Ghost,64.5,274.5,0,0
Ghost,65.5,274.5,0,0
Ghost,66.5,274.5,0,0
Ghost,67.5,274.5,0,0
Ghost,68.5,274.5,0,0
Ghost,69.5,274.5,0,0
Ghost,70.5,274.5,0,0
Ghost,71.5,274.5,0,0
Ghost,72.5,274.5,0,0
Ghost,73.5,274.5,0,0
Ghost,74.5,274.5,0,0
Ghost,75.5,274.5,0,0
Ghost,76.5,274.5,0,0
Ghost,77.5,274.5,0,0
Ghost,78.5,274.5,0,0
Ghost,79.5,274.5,0,0
Ghost,80.5,274.5,0,0
Ghost,81.5,274.5,0,0
Ghost,82.5,274.5,0,0
Ghost,83.5,274.5,0,0
Ghost,84.5,274.5,0,0
Ghost,85.5,274.5,0,0
Ghost,86.5,274.5,0,0
Ghost,87.5,274.5,0,0
Ghost,88.5,274.5,0,0
Ghost,89.5,274.5,0,0
Ghost,90.5,274.5,0,0
Ghost,91.5,274.5,0,0
Ghost,92.5,274.5,0,0
Ghost,93.5,274.5,0,0
Ghost,94.5,274.5,0,0
Ghost,95.5,274.5,0,0
Ghost,96.5,274.5,0,0
Ghost,97.5,274.5,0,0
Ghost,98.5,274.5,0,0
Ghost,292.928,266.117,1,0
Ghost,356.148,287.095,3,0
Ghost,377.452,262.301,4,1
Ghost,51.5,275.5,0,0
Ghost,52.5,275.5,0,0
Ghost,53.5,275.5,0,0
Ghost,54.5,275.5,0,0
Ghost,55.5,275.5,0,0
Ghost,56.5,275.5,0,0
Ghost,57.5,275.5,0,0
Ghost,58.5,275.5,0,0
Ghost,59.5,275.5,0,0
Ghost,60.5,275.5,0,0
Ghost,61.5,275.5,0,0
Ghost,62.5,275.5,0,0
Ghost,63.5,275.5,0,0
Ghost,64.5,275.5,0,0
Ghost,65.5,275.5,0,0
Ghost,66.5,275.5,0,0
Ghost,67.5,275.5,0,0
Ghost,68.5,275.5,0,0
Ghost,69.5,275.5,0,0
Ghost,70.5,275.5,0,0
Ghost,71.5,275.5,0,0
Ghost,72.5,275.5,0,0
Ghost,73.5,275.5,0,0
Ghost,74.5,275.5,0,0
Ghost,75.5,275.5,0,0
Ghost,76.5,275.5,0,0
Ghost,77.5,275.5,0,0
Ghost,78.5,275.5,0,0
Ghost,79.5,275.5,0,0
Ghost,80.5,275.5,0,0
Ghost,81.5,275.5,0,0
Ghost,82.5,275.5,0,0
Ghost,83.5,275.5,0,0
Ghost,84.5,275.5,0,0
Ghost,85.5,275.5,0,0
Ghost,86.5,275.5,0,0
Ghost,87.5,275.5,0,0
Ghost,88.5,275.5,0,0
Ghost,89.5,275.5,0,0
Ghost,90.5,275.5,0,0
Ghost,91.5,275.5,0,0
Ghost,92.5,275.5,0,0
Ghost,93.5,275.5,0,0
Ghost,94.5,275.5,0,0
Ghost,95.5,275.5,0,0
Ghost,96.5,275.5,0,0
Ghost,97.5,275.5,0,0
Ghost,98.5,275.5,0,0
Ghost,265.743,276.006,1,0
Ghost,51.5,276.5,0,0
Ghost,52.5,276.5,0,0
Ghost,53.5,276.5,0,0
Ghost,54.5,276.5,0,0
Ghost,55.5,276.5,0,0
Ghost,56.5,276.5,0,0
Ghost,57.5,276.5,0,0
Ghost,58.5,276.5,0,0
Ghost,59.5,276.5,0,0
Ghost,60.5,276.5,0,0
Ghost,61.5,276.5,0,0
Ghost,62.5,276.5,0,0
Ghost,63.5,276.5,0,0
Ghost,64.5,276.5,0,0
Ghost,65.5,276.5,0,0
Ghost,66.5,276.5,0,0
Ghost,67.5,276.5,0,0
Ghost,68.5,276.5,0,0
Ghost,69.5,276.5,0,0
Ghost,70.5,276.5,0,0
Ghost,71.5,276.5,0,0
Ghost,72.5,276.5,0,0
Ghost,73.5,276.5,0,0
Ghost,74.5,276.5,0,0
Ghost,75.5,276.5,0,0
Ghost,76.5,276.5,0,0
Ghost,77.5,276.5,0,0
Ghost,78.5,276.5,0,0
Ghost,79.5,276.5,0,0
Ghost,80.5,276.5,0,0
Ghost,81.5,276.5,0,0
Ghost,82.5,276.5,0,0
Ghost,83.5,276.5,0,0
Ghost,84.5,276.5,0,0
Ghost,85.5,276.5,0,0
Ghost,86.5,276.5,0,0
Ghost,87.5,276.5,0,0
Ghost,88.5,276.5,0,0
Ghost,89.5,276.5,0,0
Ghost,90.5,276.5,0,0
Ghost,91.5,276.5,0,0
Ghost,92.5,276.5,0,0
Ghost,93.5,276.5,0,0
Ghost,94.5,276.5,0,0
Ghost,95.5,276.5,0,0
Ghost,96.5,276.5,0,0
Ghost,97.5,276.5,0,0
Ghost,98.5,276.5,0,0
Ghost,273.151,251.105,3,0
Ghost,51.5,277.5,0,0
Ghost,52.5,277.5,0,0
Ghost,53.5,277.5,0,0
Ghost,54.5,277.5,0,0
Ghost,55.5,277.5,0,0
Ghost,56.5,277.5,0,0
Ghost,57.5,277.5,0,0
Ghost,58.5,277.5,0,0
Ghost,59.5,277.5,0,0
Ghost,60.5,277.5,0,0
Ghost,61.5,277.5,0,0
Ghost,62.5,277.5,0,0
Ghost,63.5,277.5,0,0
Ghost,64.5,277.5,0,0
Ghost,65.5,277.5,0,0
Ghost,66.5,277.5,0,0
Ghost,67.5,277.5,0,0
Ghost,68.5,277.5,0,0
Ghost,69.5,277.5,0,0
Ghost,70.5,277.5,0,0
Ghost,71.5,277.5,0,0
Ghost,72.5,277.5,0,0
Ghost,73.5,277.5,0,0
Ghost,74.5,277.5,0,0
Ghost,75.5,277.5,0,0
Ghost,76.5,277.5,0,0
Ghost,77.5,277.5,0,0
Ghost,78.5,277.5,0,0
Ghost,79.5,277.5,0,0
Ghost,80.5,277.5,0,0
Ghost,81.5,277.5,0,0
Ghost,82.5,277.5,0,0
Ghost,83.5,277.5,0,0
Ghost,84.5,277.5,0,0
Ghost,85.5,277.5,0,0
Ghost,86.5,277.5,0,0
Ghost,87.5,277.5,0,0
Ghost,88.5,277.5,0,0
Ghost,89.5,277.5,0,0
Ghost,90.5,277.5,0,0
Ghost,91.5,277.5,0,0
Ghost,92.5,277.5,0,0
Ghost,93.5,277.5,0,0
Ghost,94.5,277.5,0,0
Ghost,95.5,277.5,0,0
Ghost,96.5,277.5,0,0
Ghost,97.5,277.5,0,0
Ghost,98.5,277.5,0,0
Ghost,288.799,265.301,3,0
Ghost,51.5,278.5,0,0
Ghost,52.5,278.5,0,0
Ghost,53.5,278.5,0,0
Ghost,54.5,278.5,0,0
Ghost,55.5,278.5,0,0
Ghost,56.5,278.5,0,0
Ghost,57.5,278.5,0,0
Ghost,58.5,278.5,0,0
Ghost,59.5,278.5,0,0
Ghost,60.5,278.5,0,0
Ghost,61.5,278.5,0,0
Ghost,62.5,278.5,0,0
Ghost,63.5,278.5,0,0
Ghost,64.5,278.5,0,0
Ghost,65.5,278.5,0,0
Ghost,66.5,278.5,0,0
Ghost,67.5,278.5,0,0
Ghost,68.5,278.5,0,0
Ghost,69.5,278.5,0,0
Ghost,70.5,278.5,0,0
Ghost,71.5,278.5,0,0
Ghost,72.5,278.5,0,0
Ghost,73.5,278.5,0,0
Ghost,74.5,278.5,0,0
Ghost,75.5,278.5,0,0
Ghost,76.5,278.5,0,0
Ghost,77.5,278.5,0,0
Ghost,78.5,278.5,0,0
Ghost,79.5,278.5,0,0
Ghost,80.5,278.5,0,0
Ghost,81.5,278.5,0,0
Ghost,82.5,278.5,0,0
Ghost,83.5,278.5,0,0
Ghost,84.5,278.5,0,0
Ghost,85.5,278.5,0,0
Ghost,86.5,278.5,0,0
Ghost,87.5,278.5,0,0
Ghost,88.5,278.5,0,0
Ghost,89.5,278.5,0,0
Ghost,90.5,278.5,0,0
Ghost,91.5,278.5,0,0
Ghost,92.5,278.5,0,0
Ghost,93.5,278.5,0,0
Ghost,94.5,278.5,0,0
Ghost,95.5,278.5,0,0
Ghost,96.5,278.5,0,0
Ghost,97.5,278.5,0,0
Ghost,98.5,278.5,0,0
Ghost,289.997,251.103,3,0
Ghost,51.5,279.5,0,0
Ghost,52.5,279.5,0,0
Ghost,53.5,279.5,0,0
Ghost,54.5,279.5,0,0
Ghost,55.5,279.5,0,0
Ghost,56.5,279.5,0,0
Ghost,57.5,279.5,0,0
Ghost,58.5,279.5,0,0
Ghost,59.5,279.5,0,0
Ghost,60.5,279.5,0,0
Ghost,61.5,279.5,0,0
Ghost,62.5,279.5,0,0
Ghost,63.5,279.5,0,0
Ghost,64.5,279.5,0,0
Ghost,65.5,279.5,0,0
Ghost,66.5,279.5,0,0
Ghost,67.5,279.5,0,0
Ghost,68.5,279.5,0,0
Ghost,69.5,279.5,0,0
Ghost,70.5,279.5,0,0
Ghost,71.5,279.5,0,0
Ghost,72.5,279.5,0,0
Ghost,73.5,279.5,0,0
Ghost,74.5,279.5,0,0
Ghost,75.5,279.5,0,0
Ghost,76.5,279.5,0,0
Ghost,77.5,279.5,0,0
Ghost,78.5,279.5,0,0
Ghost,79.5,279.5,0,0
Ghost,80.5,279.5,0,0
Ghost,81.5,279.5,0,0
Ghost,82.5,279.5,0,0
Ghost,83.5,279.5,0,0
Ghost,84.5,279.5,0,0
Ghost,85.5,279.5,0,0
Ghost,86.5,279.5,0,0
Ghost,87.5,279.5,0,0
Ghost,88.5,279.5,0,0
Ghost,89.5,279.5,0,0
Ghost,90.5,279.5,0,0
Ghost,91.5,279.5,0,0
Ghost,92.5,279.5,0,0
Ghost,93.5,279.5,0,0
Ghost,94.5,279.5,0,0
Ghost,95.5,279.5,0,0
Ghost,96.5,279.5,0,0
Ghost,97.5,279.5,0,0
Ghost,98.5,279.5,0,0
Ghost,398.873,291.701,4,0
Ghost,398.897,292.804,4,0
Ghost,51.5,280.5,0,0
Ghost,52.5,280.5,0,0
Ghost,53.5,280.5,0,0
Ghost,54.5,280.5,0,0
Ghost,55.5,280.5,0,0
Ghost,56.5,280.5,0,0
Ghost,57.5,280.5,0,0
Ghost,58.5,280.5,0,0
Ghost,59.5,280.5,0,0
Ghost,60.5,280.5,0,0
Ghost,61.5,280.5,0,0
Ghost,62.5,280.5,0,0
Ghost,63.5,280.5,0,0
Ghost,64.5,280.5,0,0
Ghost,65.5,280.5,0,0
Ghost,66.5,280.5,0,0
Ghost,67.5,280.5,0,0
Ghost,68.5,280.5,0,0
Ghost,69.5,280.5,0,0
Ghost,70.5,280.5,0,0
Ghost,71.5,280.5,0,0
Ghost,72.5,280.5,0,0
Ghost,73.5,280.5,0,0
Ghost,74.5,280.5,0,0
Ghost,75.5,280.5,0,0
Ghost,76.5,280.5,0,0
Ghost,77.5,280.5,0,0
Ghost,78.5,280.5,0,0
Ghost,79.5,280.5,0,0
Ghost,80.5,280.5,0,0
Ghost,81.5,280.5,0,0
Ghost,82.5,280.5,0,0
Ghost,83.5,280.5,0,0
Ghost,84.5,280.5,0,0
Ghost,85.5,280.5,0,0
Ghost,86.5,280.5,0,0
Ghost,87.5,280.5,0,0
Ghost,88.5,280.5,0,0
Ghost,89.5,280.5,0,0
Ghost,90.5,280.5,0,0
Ghost,91.5,280.5,0,0
Ghost,92.5,280.5,0,0
Ghost,93.5,280.5,0,0
Ghost,94.5,280.5,0,0
Ghost,95.5,280.5,0,0
Ghost,96.5,280.5,0,0
Ghost,97.5,280.5,0,0
Ghost,98.5,280.5,0,0
Ghost,51.5,281.5,0,0
Ghost,52.5,281.5,0,0
Ghost,53.5,281.5,0,0
Ghost,54.5,281.5,0,0
Ghost,55.5,281.5,0,0
Ghost,56.5,281.5,0,0
Ghost,57.5,281.5,0,0
Ghost,58.5,281.5,0,0
Ghost,59.5,281.5,0,0
Ghost,60.5,281.5,0,0
Ghost,61.5,281.5,0,0
Ghost,62.5,281.5,0,0
Ghost,63.5,281.5,0,0
Ghost,64.5,281.5,0,0
Ghost,65.5,281.5,0,0
Ghost,66.5,281.5,0,0
Ghost,67.5,281.5,0,0
Ghost,68.5,281.5,0,0
Ghost,69.5,281.5,0,0
Ghost,70.5,281.5,0,0
Ghost,71.5,281.5,0,0
Ghost,72.5,281.5,0,0
Ghost,73.5,281.5,0,0
Ghost,74.5,281.5,0,0
Ghost,75.5,281.5,0,0
Ghost,76.5,281.5,0,0
Ghost,77.5,281.5,0,0
Ghost,78.5,281.5,0,0
Ghost,79.5,281.5,0,0
Ghost,80.5,281.5,0,0
Ghost,81.5,281.5,0,0
Ghost,82.5,281.5,0,0
Ghost,83.5,281.5,0,0
Ghost,84.5,281.5,0,0
Ghost,85.5,281.5,0,0
Ghost,86.5,281.5,0,0
Ghost,87.5,281.5,0,0
Ghost,88.5,281.5,0,0
Ghost,89.5,281.5,0,0
Ghost,90.5,281.5,0,0
Ghost,91.5,281.5,0,0
Ghost,92.5,281.5,0,0
Ghost,93.5,281.5,0,0
Ghost,94.5,281.5,0,0
Ghost,95.5,281.5,0,0
Ghost,96.5,281.5,0,0
Ghost,97.5,281.5,0,0
Ghost,98.5,281.5,0,0
Ghost,51.5,282.5,0,0
Ghost,52.5,282.5,0,0
Ghost,53.5,282.5,0,0
Ghost,54.5,282.5,0,0
Ghost,55.5,282.5,0,0
Ghost,56.5,282.5,0,0
Ghost,57.5,282.5,0,0
Ghost,58.5,282.5,0,0
Ghost,59.5,282.5,0,0
Ghost,60.5,282.5,0,0
Ghost,61.5,282.5,0,0
Ghost,62.5,282.5,0,0
Ghost,63.5,282.5,0,0
Ghost,64.5,282.5,0,0
Ghost,65.5,282.5,0,0
Ghost,66.5,282.5,0,0
Ghost,67.5,282.5,0,0
Ghost,68.5,282.5,0,0
Ghost,69.5,282.5,0,0
Ghost,70.5,282.5,0,0
Ghost,71.5,282.5,0,0
Ghost,72.5,282.5,0,0
Ghost,73.5,282.5,0,0
Ghost,74.5,282.5,0,0
Ghost,75.5,282.5,0,0
Ghost,76.5,282.5,0,0
Ghost,77.5,282.5,0,0
Ghost,78.5,282.5,0,0
Ghost,79.5,282.5,0,0
Ghost,80.5,282.5,0,0
Ghost,81.5,282.5,0,0
Ghost,82.5,282.5,0,0
Ghost,83.5,282.5,0,0
Ghost,84.5,282.5,0,0
Ghost,85.5,282.5,0,0
Ghost,86.5,282.5,0,0
Ghost,87.5,282.5,0,0
Ghost,88.5,282.5,0,0
Ghost,89.5,282.5,0,0
Ghost,90.5,282.5,0,0
Ghost,91.5,282.5,0,0
Ghost,92.5,282.5,0,0
Ghost,93.5,282.5,0,0
Ghost,94.5,282.5,0,0
Ghost,95.5,282.5,0,0
Ghost,96.5,282.5,0,0
Ghost,97.5,282.5,0,0
Ghost,98.5,282.5,0,0
Ghost,331.598,284.105,1,0
Ghost,51.5,283.5,0,0
Ghost,52.5,283.5,0,0
Ghost,53.5,283.5,0,0
Ghost,54.5,283.5,0,0
Ghost,55.5,283.5,0,0
Ghost,56.5,283.5,0,0
Ghost,57.5,283.5,0,0
Ghost,58.5,283.5,0,0
Ghost,59.5,283.5,0,0
Ghost,60.5,283.5,0,0
Ghost,61.5,283.5,0,0
Ghost,62.5,283.5,0,0
Ghost,63.5,283.5,0,0
Ghost,64.5,283.5,0,0
Ghost,65.5,283.5,0,0
Ghost,66.5,283.5,0,0
Ghost,67.5,283.5,0,0
Ghost,68.5,283.5,0,0
Ghost,69.5,283.5,0,0
Ghost,70.5,283.5,0,0
Ghost,71.5,283.5,0,0
Ghost,72.5,283.5,0,0
Ghost,73.5,283.5,0,0
Ghost,74.5,283.5,0,0
Ghost,75.5,283.5,0,0
Ghost,76.5,283.5,0,0
Ghost,77.5,283.5,0,0
Ghost,78.5,283.5,0,0
Ghost,79.5,283.5,0,0
Ghost,80.5,283.5,0,0
Ghost,81.5,283.5,0,0
Ghost,82.5,283.5,0,0
Ghost,83.5,283.5,0,0
Ghost,84.5,283.5,0,0
Ghost,85.5,283.5,0,0
Ghost,86.5,283.5,0,0
Ghost,87.5,283.5,0,0
Ghost,88.5,283.5,0,0
Ghost,89.5,283.5,0,0
Ghost,90.5,283.5,0,0
Ghost,91.5,283.5,0,0
Ghost,92.5,283.5,0,0
Ghost,93.5,283.5,0,0
Ghost,94.5,283.5,0,0
Ghost,95.5,283.5,0,0
Ghost,96.5,283.5,0,0
Ghost,97.5,283.5,0,0
Ghost,98.5,283.5,0,0
Ghost,423.585,303.492,4,0
Ghost,437.025,276.102,1,0
Ghost,416.121,271.102,3,0
Ghost,51.5,284.5,0,0
Ghost,52.5,284.5,0,0
Ghost,53.5,284.5,0,0
Ghost,54.5,284.5,0,0
Ghost,55.5,284.5,0,0
Ghost,56.5,284.5,0,0
Ghost,57.5,284.5,0,0
Ghost,58.5,284.5,0,0
Ghost,59.5,284.5,0,0
Ghost,60.5,284.5,0,0
Ghost,61.5,284.5,0,0
Ghost,62.5,284.5,0,0
Ghost,63.5,284.5,0,0
Ghost,64.5,284.5,0,0
Ghost,65.5,284.5,0,0
Ghost,66.5,284.5,0,0
Ghost,67.5,284.5,0,0
Ghost,68.5,284.5,0,0
Ghost,69.5,284.5,0,0
Ghost,70.5,284.5,0,0
Ghost,71.5,284.5,0,0
Ghost,72.5,284.5,0,0
Ghost,73.5,284.5,0,0
Ghost,74.5,284.5,0,0
Ghost,75.5,284.5,0,0
Ghost,76.5,284.5,0,0
Ghost,77.5,284.5,0,0
Ghost,78.5,284.5,0,0
Ghost,79.5,284.5,0,0
Ghost,80.5,284.5,0,0
Ghost,81.5,284.5,0,0
Ghost,82.5,284.5,0,0
Ghost,83.5,284.5,0,0
Ghost,84.5,284.5,0,0
Ghost,85.5,284.5,0,0
Ghost,86.5,284.5,0,0
Ghost,87.5,284.5,0,0
Ghost,88.5,284.5,0,0
Ghost,89.5,284.5,0,0
Ghost,90.5,284.5,0,0
Ghost,91.5,284.5,0,0
Ghost,92.5,284.5,0,0
Ghost,93.5,284.5,0,0
Ghost,94.5,284.5,0,0
Ghost,95.5,284.5,0,0
Ghost,96.5,284.5,0,0
Ghost,97.5,284.5,0,0
Ghost,98.5,284.5,0,0
Ghost,429.576,271.789,1,0
Ghost,443.187,262.101,3,0
Ghost,427.598,256.102,1,0
Ghost,51.5,285.5,0,0
Ghost,52.5,285.5,0,0
Ghost,53.5,285.5,0,0
Ghost,54.5,285.5,0,0
Ghost,55.5,285.5,0,0
Ghost,56.5,285.5,0,0
Ghost,57.5,285.5,0,0
Ghost,58.5,285.5,0,0
Ghost,59.5,285.5,0,0
Ghost,60.5,285.5,0,0
Ghost,61.5,285.5,0,0
Ghost,62.5,285.5,0,0
Ghost,63.5,285.5,0,0
Ghost,64.5,285.5,0,0
Ghost,65.5,285.5,0,0
Ghost,66.5,285.5,0,0
Ghost,67.5,285.5,0,0
Ghost,68.5,285.5,0,0
Ghost,69.5,285.5,0,0
Ghost,70.5,285.5,0,0
Ghost,71.5,285.5,0,0
Ghost,72.5,285.5,0,0
Ghost,73.5,285.5,0,0
Ghost,74.5,285.5,0,0
Ghost,75.5,285.5,0,0
Ghost,76.5,285.5,0,0
Ghost,77.5,285.5,0,0
Ghost,78.5,285.5,0,0
Ghost,79.5,285.5,0,0
Ghost,80.5,285.5,0,0
Ghost,81.5,285.5,0,0
Ghost,82.5,285.5,0,0
Ghost,83.5,285.5,0,0
Ghost,84.5,285.5,0,0
Ghost,85.5,285.5,0,0
Ghost,86.5,285.5,0,0
Ghost,87.5,285.5,0,0
Ghost,88.5,285.5,0,0
Ghost,89.5,285.5,0,0
Ghost,90.5,285.5,0,0
Ghost,91.5,285.5,0,0
Ghost,92.5,285.5,0,0
Ghost,93.5,285.5,0,0
Ghost,94.5,285.5,0,0
Ghost,95.5,285.5,0,0
Ghost,96.5,285.5,0,0
Ghost,97.5,285.5,0,0
Ghost,98.5,285.5,0,0
Ghost,313.353,285.104,1,0
Ghost,342.208,285.497,1,0
Ghost,393.273,286.9,4,0
Ghost,364.704,285.5,3,0
Ghost,436.172,261.503,4,0
Ghost,429.753,293.5,1,0
Ghost,416.128,298.891,3,0
Ghost,51.5,286.5,0,0
Ghost,52.5,286.5,0,0
Ghost,53.5,286.5,0,0
Ghost,54.5,286.5,0,0
Ghost,55.5,286.5,0,0
Ghost,56.5,286.5,0,0
Ghost,57.5,286.5,0,0
Ghost,58.5,286.5,0,0
Ghost,59.5,286.5,0,0
Ghost,60.5,286.5,0,0
Ghost,61.5,286.5,0,0
Ghost,62.5,286.5,0,0
Ghost,63.5,286.5,0,0
Ghost,64.5,286.5,0,0
Ghost,65.5,286.5,0,0
Ghost,66.5,286.5,0,0
Ghost,67.5,286.5,0,0
Ghost,68.5,286.5,0,0
Ghost,69.5,286.5,0,0
Ghost,70.5,286.5,0,0
Ghost,71.5,286.5,0,0
Ghost,72.5,286.5,0,0
Ghost,73.5,286.5,0,0
Ghost,74.5,286.5,0,0
Ghost,75.5,286.5,0,0
Ghost,76.5,286.5,0,0
Ghost,77.5,286.5,0,0
Ghost,78.5,286.5,0,0
Ghost,79.5,286.5,0,0
Ghost,80.5,286.5,0,0
Ghost,81.5,286.5,0,0
Ghost,82.5,286.5,0,0
Ghost,83.5,286.5,0,0
Ghost,84.5,286.5,0,0
Ghost,85.5,286.5,0,0
Ghost,86.5,286.5,0,0
Ghost,87.5,286.5,0,0
Ghost,88.5,286.5,0,0
Ghost,89.5,286.5,0,0
Ghost,90.5,286.5,0,0
Ghost,91.5,286.5,0,0
Ghost,92.5,286.5,0,0
Ghost,93.5,286.5,0,0
Ghost,94.5,286.5,0,0
Ghost,95.5,286.5,0,0
Ghost,96.5,286.5,0,0
Ghost,97.5,286.5,0,0
Ghost,98.5,286.5,0,0
Ghost,448.773,288.68,1,0
Ghost,426.073,291.099,1,0
Ghost,447.172,267.103,3,0
Ghost,51.5,287.5,0,0
Ghost,52.5,287.5,0,0
Ghost,53.5,287.5,0,0
Ghost,54.5,287.5,0,0
Ghost,55.5,287.5,0,0
Ghost,56.5,287.5,0,0
Ghost,57.5,287.5,0,0
Ghost,58.5,287.5,0,0
Ghost,59.5,287.5,0,0
Ghost,60.5,287.5,0,0
Ghost,61.5,287.5,0,0
Ghost,62.5,287.5,0,0
Ghost,63.5,287.5,0,0
Ghost,64.5,287.5,0,0
Ghost,65.5,287.5,0,0
Ghost,66.5,287.5,0,0
Ghost,67.5,287.5,0,0
Ghost,68.5,287.5,0,0
Ghost,69.5,287.5,0,0
Ghost,70.5,287.5,0,0
Ghost,71.5,287.5,0,0
Ghost,72.5,287.5,0,0
Ghost,73.5,287.5,0,0
Ghost,74.5,287.5,0,0
Ghost,75.5,287.5,0,0
Ghost,76.5,287.5,0,0
Ghost,77.5,287.5,0,0
Ghost,78.5,287.5,0,0
Ghost,79.5,287.5,0,0
Ghost,80.5,287.5,0,0
Ghost,81.5,287.5,0,0
Ghost,82.5,287.5,0,0
Ghost,83.5,287.5,0,0
Ghost,84.5,287.5,0,0
Ghost,85.5,287.5,0,0
Ghost,86.5,287.5,0,0
Ghost,87.5,287.5,0,0
Ghost,88.5,287.5,0,0
Ghost,89.5,287.5,0,0
Ghost,90.5,287.5,0,0
Ghost,91.5,287.5,0,0
Ghost,92.5,287.5,0,0
Ghost,93.5,287.5,0,0
Ghost,94.5,287.5,0,0
Ghost,95.5,287.5,0,0
Ghost,96.5,287.5,0,0
Ghost,97.5,287.5,0,0
Ghost,98.5,287.5,0,0
Ghost,51.5,288.5,0,0
Ghost,52.5,288.5,0,0
Ghost,53.5,288.5,0,0
Ghost,54.5,288.5,0,0
Ghost,55.5,288.5,0,0
Ghost,56.5,288.5,0,0
Ghost,57.5,288.5,0,0
Ghost,58.5,288.5,0,0
Ghost,59.5,288.5,0,0
Ghost,60.5,288.5,0,0
Ghost,61.5,288.5,0,0
Ghost,62.5,288.5,0,0
Ghost,63.5,288.5,0,0
Ghost,64.5,288.5,0,0
Ghost,65.5,288.5,0,0
Ghost,66.5,288.5,0,0
Ghost,67.5,288.5,0,0
Ghost,68.5,288.5,0,0
Ghost,69.5,288.5,0,0
Ghost,70.5,288.5,0,0
Ghost,71.5,288.5,0,0
Ghost,72.5,288.5,0,0
Ghost,73.5,288.5,0,0
Ghost,74.5,288.5,0,0
Ghost,75.5,288.5,0,0
Ghost,76.5,288.5,0,0
Ghost,77.5,288.5,0,0
Ghost,78.5,288.5,0,0
Ghost,79.5,288.5,0,0
Ghost,80.5,288.5,0,0
Ghost,81.5,288.5,0,0
Ghost,82.5,288.5,0,0
Ghost,83.5,288.5,0,0
Ghost,84.5,288.5,0,0
Ghost,85.5,288.5,0,0
Ghost,86.5,288.5,0,0
Ghost,87.5,288.5,0,0
Ghost,88.5,288.5,0,0
Ghost,89.5,288.5,0,0
Ghost,90.5,288.5,0,0
Ghost,91.5,288.5,0,0
Ghost,92.5,288.5,0,0
Ghost,93.5,288.5,0,0
Ghost,94.5,288.5,0,0
Ghost,95.5,288.5,0,0
Ghost,96.5,288.5,0,0
Ghost,97.5,288.5,0,0
Ghost,98.5,288.5,0,0
Ghost,51.5,289.5,0,0
Ghost,52.5,289.5,0,0
Ghost,53.5,289.5,0,0
Ghost,54.5,289.5,0,0
Ghost,55.5,289.5,0,0
Ghost,56.5,289.5,0,0
Ghost,57.5,289.5,0,0
Ghost,58.5,289.5,0,0
Ghost,59.5,289.5,0,0
Ghost,60.5,289.5,0,0
Ghost,61.5,289.5,0,0
Ghost,62.5,289.5,0,0
Ghost,63.5,289.5,0,0
Ghost,64.5,289.5,0,0
Ghost,65.5,289.5,0,0
Ghost,66.5,289.5,0,0
Ghost,67.5,289.5,0,0
Ghost,68.5,289.5,0,0
Ghost,69.5,289.5,0,0
Ghost,70.5,289.5,0,0
Ghost,71.5,289.5,0,0
Ghost,72.5,289.5,0,0
Ghost,73.5,289.5,0,0
Ghost,74.5,289.5,0,0
Ghost,75.5,289.5,0,0
Ghost,76.5,289.5,0,0
Ghost,77.5,289.5,0,0
Ghost,78.5,289.5,0,0
Ghost,79.5,289.5,0,0
Ghost,80.5,289.5,0,0
Ghost,81.5,289.5,0,0
Ghost,82.5,289.5,0,0
Ghost,83.5,289.5,0,0
Ghost,84.5,289.5,0,0
Ghost,85.5,289.5,0,0
Ghost,86.5,289.5,0,0
Ghost,87.5,289.5,0,0
Ghost,88.5,289.5,0,0
Ghost,89.5,289.5,0,0
Ghost,90.5,289.5,0,0
Ghost,91.5,289.5,0,0
Ghost,92.5,289.5,0,0
Ghost,93.5,289.5,0,0
Ghost,94.5,289.5,0,0
Ghost,95.5,289.5,0,0
Ghost,96.5,289.5,0,0
Ghost,97.5,289.5,0,0
Ghost,98.5,289.5,0,0
Ghost,51.5,290.5,0,0
Ghost,52.5,290.5,0,0
Ghost,53.5,290.5,0,0
Ghost,54.5,290.5,0,0
Ghost,55.5,290.5,0,0
Ghost,56.5,290.5,0,0
Ghost,57.5,290.5,0,0
Ghost,58.5,290.5,0,0
Ghost,59.5,290.5,0,0
Ghost,60.5,290.5,0,0
Ghost,61.5,290.5,0,0
Ghost,62.5,290.5,0,0
Ghost,63.5,290.5,0,0
Ghost,64.5,290.5,0,0
Ghost,65.5,290.5,0,0
Ghost,66.5,290.5,0,0
Ghost,67.5,290.5,0,0
Ghost,68.5,290.5,0,0
Ghost,69.5,290.5,0,0
Ghost,70.5,290.5,0,0
Ghost,71.5,290.5,0,0
Ghost,72.5,290.5,0,0
Ghost,73.5,290.5,0,0
Ghost,74.5,290.5,0,0
Ghost,75.5,290.5,0,0
Ghost,76.5,290.5,0,0
Ghost,77.5,290.5,0,0
Ghost,78.5,290.5,0,0
Ghost,79.5,290.5,0,0
Ghost,80.5,290.5,0,0
Ghost,81.5,290.5,0,0
Ghost,82.5,290.5,0,0
Ghost,83.5,290.5,0,0
Ghost,84.5,290.5,0,0
Ghost,85.5,290.5,0,0
Ghost,86.5,290.5,0,0
Ghost,87.5,290.5,0,0
Ghost,88.5,290.5,0,0
Ghost,89.5,290.5,0,0
Ghost,90.5,290.5,0,0
Ghost,91.5,290.5,0,0
Ghost,92.5,290.5,0,0
Ghost,93.5,290.5,0,0
Ghost,94.5,290.5,0,0
Ghost,95.5,290.5,0,0
Ghost,96.5,290.5,0,0
Ghost,97.5,290.5,0,0
Ghost,98.5,290.5,0,0
Ghost,261.164,291.296,3,0
Ghost,306.207,298.801,3,0
Ghost,317.898,294.19,2,0
Ghost,51.5,291.5,0,0
Ghost,52.5,291.5,0,0
Ghost,53.5,291.5,0,0
Ghost,54.5,291.5,0,0
Ghost,55.5,291.5,0,0
Ghost,56.5,291.5,0,0
Ghost,57.5,291.5,0,0
Ghost,58.5,291.5,0,0
Ghost,59.5,291.5,0,0
Ghost,60.5,291.5,0,0
Ghost,61.5,291.5,0,0
Ghost,62.5,291.5,0,0
Ghost,63.5,291.5,0,0
Ghost,64.5,291.5,0,0
Ghost,65.5,291.5,0,0
Ghost,66.5,291.5,0,0
Ghost,67.5,291.5,0,0
Ghost,68.5,291.5,0,0
Ghost,69.5,291.5,0,0
Ghost,70.5,291.5,0,0
Ghost,71.5,291.5,0,0
Ghost,72.5,291.5,0,0
Ghost,73.5,291.5,0,0
Ghost,74.5,291.5,0,0
Ghost,75.5,291.5,0,0
Ghost,76.5,291.5,0,0
Ghost,77.5,291.5,0,0
Ghost,78.5,291.5,0,0
Ghost,79.5,291.5,0,0
Ghost,80.5,291.5,0,0
Ghost,81.5,291.5,0,0
Ghost,82.5,291.5,0,0
Ghost,83.5,291.5,0,0
Ghost,84.5,291.5,0,0
Ghost,85.5,291.5,0,0
Ghost,86.5,291.5,0,0
Ghost,87.5,291.5,0,0
Ghost,88.5,291.5,0,0
Ghost,89.5,291.5,0,0
Ghost,90.5,291.5,0,0
Ghost,91.5,291.5,0,0
Ghost,92.5,291.5,0,0
Ghost,93.5,291.5,0,0
Ghost,94.5,291.5,0,0
Ghost,95.5,291.5,0,0
Ghost,96.5,291.5,0,0
Ghost,97.5,291.5,0,0
Ghost,98.5,291.5,0,0
Ghost,355.125,292.806,3,0
Ghost,392.124,293.696,3,0
Ghost,51.5,292.5,0,0
Ghost,52.5,292.5,0,0
Ghost,53.5,292.5,0,0
Ghost,54.5,292.5,0,0
Ghost,55.5,292.5,0,0
Ghost,56.5,292.5,0,0
Ghost,57.5,292.5,0,0
Ghost,58.5,292.5,0,0
Ghost,59.5,292.5,0,0
Ghost,60.5,292.5,0,0
Ghost,61.5,292.5,0,0
Ghost,62.5,292.5,0,0
Ghost,63.5,292.5,0,0
Ghost,64.5,292.5,0,0
Ghost,65.5,292.5,0,0
Ghost,66.5,292.5,0,0
Ghost,67.5,292.5,0,0
Ghost,68.5,292.5,0,0
Ghost,69.5,292.5,0,0
Ghost,70.5,292.5,0,0
Ghost,71.5,292.5,0,0
Ghost,72.5,292.5,0,0
Ghost,73.5,292.5,0,0
Ghost,74.5,292.5,0,0
Ghost,75.5,292.5,0,0
Ghost,76.5,292.5,0,0
Ghost,77.5,292.5,0,0
Ghost,78.5,292.5,0,0
Ghost,79.5,292.5,0,0
Ghost,80.5,292.5,0,0
Ghost,81.5,292.5,0,0
Ghost,82.5,292.5,0,0
Ghost,83.5,292.5,0,0
Ghost,84.5,292.5,0,0
Ghost,85.5,292.5,0,0
Ghost,86.5,292.5,0,0
Ghost,87.5,292.5,0,0
Ghost,88.5,292.5,0,0
Ghost,89.5,292.5,0,0
Ghost,90.5,292.5,0,0
Ghost,91.5,292.5,0,0
Ghost,92.5,292.5,0,0
Ghost,93.5,292.5,0,0
Ghost,94.5,292.5,0,0
Ghost,95.5,292.5,0,0
Ghost,96.5,292.5,0,0
Ghost,97.5,292.5,0,0
Ghost,98.5,292.5,0,0
Ghost,51.5,293.5,0,0
Ghost,52.5,293.5,0,0
Ghost,53.5,293.5,0,0
Ghost,54.5,293.5,0,0
Ghost,55.5,293.5,0,0
Ghost,56.5,293.5,0,0
Ghost,57.5,293.5,0,0
Ghost,58.5,293.5,0,0
Ghost,59.5,293.5,0,0
Ghost,60.5,293.5,0,0
Ghost,61.5,293.5,0,0
Ghost,62.5,293.5,0,0
Ghost,63.5,293.5,0,0
Ghost,64.5,293.5,0,0
Ghost,65.5,293.5,0,0
Ghost,66.5,293.5,0,0
Ghost,67.5,293.5,0,0
Ghost,68.5,293.5,0,0
Ghost,69.5,293.5,0,0
Ghost,70.5,293.5,0,0
Ghost,71.5,293.5,0,0
Ghost,72.5,293.5,0,0
Ghost,73.5,293.5,0,0
Ghost,74.5,293.5,0,0
Ghost,75.5,293.5,0,0
Ghost,76.5,293.5,0,0
Ghost,77.5,293.5,0,0
Ghost,78.5,293.5,0,0
Ghost,79.5,293.5,0,0
Ghost,80.5,293.5,0,0
Ghost,81.5,293.5,0,0
Ghost,82.5,293.5,0,0
Ghost,83.5,293.5,0,0
Ghost,84.5,293.5,0,0
Ghost,85.5,293.5,0,0
Ghost,86.5,293.5,0,0
Ghost,87.5,293.5,0,0
Ghost,88.5,293.5,0,0
Ghost,89.5,293.5,0,0
Ghost,90.5,293.5,0,0
Ghost,91.5,293.5,0,0
Ghost,92.5,293.5,0,0
Ghost,93.5,293.5,0,0
Ghost,94.5,293.5,0,0
Ghost,95.5,293.5,0,0
Ghost,96.5,293.5,0,0
Ghost,97.5,293.5,0,0
Ghost,98.5,293.5,0,0
Ghost,313.155,298.899,2,0
Ghost,51.5,294.5,0,0
Ghost,52.5,294.5,0,0
Ghost,53.5,294.5,0,0
Ghost,54.5,294.5,0,0
Ghost,55.5,294.5,0,0
Ghost,56.5,294.5,0,0
Ghost,57.5,294.5,0,0
Ghost,58.5,294.5,0,0
Ghost,59.5,294.5,0,0
Ghost,60.5,294.5,0,0
Ghost,61.5,294.5,0,0
Ghost,62.5,294.5,0,0
Ghost,63.5,294.5,0,0
Ghost,64.5,294.5,0,0
Ghost,65.5,294.5,0,0
Ghost,66.5,294.5,0,0
Ghost,67.5,294.5,0,0
Ghost,68.5,294.5,0,0
Ghost,69.5,294.5,0,0
Ghost,70.5,294.5,0,0
Ghost,71.5,294.5,0,0
Ghost,72.5,294.5,0,0
Ghost,73.5,294.5,0,0
Ghost,74.5,294.5,0,0
Ghost,75.5,294.5,0,0
Ghost,76.5,294.5,0,0
Ghost,77.5,294.5,0,0
Ghost,78.5,294.5,0,0
Ghost,79.5,294.5,0,0
Ghost,80.5,294.5,0,0
Ghost,81.5,294.5,0,0
Ghost,82.5,294.5,0,0
Ghost,83.5,294.5,0,0
Ghost,84.5,294.5,0,0
Ghost,85.5,294.5,0,0
Ghost,86.5,294.5,0,0
Ghost,87.5,294.5,0,0
Ghost,88.5,294.5,0,0
Ghost,89.5,294.5,0,0
Ghost,90.5,294.5,0,0
Ghost,91.5,294.5,0,0
Ghost,92.5,294.5,0,0
Ghost,93.5,294.5,0,0
Ghost,94.5,294.5,0,0
Ghost,95.5,294.5,0,0
Ghost,96.5,294.5,0,0
Ghost,97.5,294.5,0,0
Ghost,98.5,294.5,0,0
Ghost,253.424,298.804,2,0
Ghost,51.5,295.5,0,0
Ghost,52.5,295.5,0,0
Ghost,53.5,295.5,0,0
Ghost,54.5,295.5,0,0
Ghost,55.5,295.5,0,0
Ghost,56.5,295.5,0,0
Ghost,57.5,295.5,0,0
Ghost,58.5,295.5,0,0
Ghost,59.5,295.5,0,0
Ghost,60.5,295.5,0,0
Ghost,61.5,295.5,0,0
Ghost,62.5,295.5,0,0
Ghost,63.5,295.5,0,0
Ghost,64.5,295.5,0,0
Ghost,65.5,295.5,0,0
Ghost,66.5,295.5,0,0
Ghost,67.5,295.5,0,0
Ghost,68.5,295.5,0,0
Ghost,69.5,295.5,0,0
Ghost,70.5,295.5,0,0
Ghost,71.5,295.5,0,0
Ghost,72.5,295.5,0,0
Ghost,73.5,295.5,0,0
Ghost,74.5,295.5,0,0
Ghost,75.5,295.5,0,0
Ghost,76.5,295.5,0,0
Ghost,77.5,295.5,0,0
Ghost,78.5,295.5,0,0
Ghost,79.5,295.5,0,0
Ghost,80.5,295.5,0,0
Ghost,81.5,295.5,0,0
Ghost,82.5,295.5,0,0
Ghost,83.5,295.5,0,0
Ghost,84.5,295.5,0,0
Ghost,85.5,295.5,0,0
Ghost,86.5,295.5,0,0
Ghost,87.5,295.5,0,0
Ghost,88.5,295.5,0,0
Ghost,89.5,295.5,0,0
Ghost,90.5,295.5,0,0
Ghost,91.5,295.5,0,0
Ghost,92.5,295.5,0,0
Ghost,93.5,295.5,0,0
Ghost,94.5,295.5,0,0
Ghost,95.5,295.5,0,0
Ghost,96.5,295.5,0,0
Ghost,97.5,295.5,0,0
Ghost,98.5,295.5,0,0
Ghost,51.5,296.5,0,0
Ghost,52.5,296.5,0,0
Ghost,53.5,296.5,0,0
Ghost,54.5,296.5,0,0
Ghost,55.5,296.5,0,0
Ghost,56.5,296.5,0,0
Ghost,57.5,296.5,0,0
Ghost,58.5,296.5,0,0
Ghost,59.5,296.5,0,0
Ghost,60.5,296.5,0,0
Ghost,61.5,296.5,0,0
Ghost,62.5,296.5,0,0
Ghost,63.5,296.5,0,0
Ghost,64.5,296.5,0,0
Ghost,65.5,296.5,0,0
Ghost,66.5,296.5,0,0
Ghost,67.5,296.5,0,0
Ghost,68.5,296.5,0,0
Ghost,69.5,296.5,0,0
Ghost,70.5,296.5,0,0
Ghost,71.5,296.5,0,0
Ghost,72.5,296.5,0,0
Ghost,73.5,296.5,0,0
Ghost,74.5,296.5,0,0
Ghost,75.5,296.5,0,0
Ghost,76.5,296.5,0,0
Ghost,77.5,296.5,0,0
Ghost,78.5,296.5,0,0
Ghost,79.5,296.5,0,0
Ghost,80.5,296.5,0,0
Ghost,81.5,296.5,0,0
Ghost,82.5,296.5,0,0
Ghost,83.5,296.5,0,0
Ghost,84.5,296.5,0,0
Ghost,85.5,296.5,0,0
Ghost,86.5,296.5,0,0
Ghost,87.5,296.5,0,0
Ghost,88.5,296.5,0,0
Ghost,89.5,296.5,0,0
Ghost,90.5,296.5,0,0
Ghost,91.5,296.5,0,0
Ghost,92.5,296.5,0,0
Ghost,93.5,296.5,0,0
Ghost,94.5,296.5,0,0
Ghost,95.5,296.5,0,0
Ghost,96.5,296.5,0,0
Ghost,97.5,296.5,0,0
Ghost,98.5,296.5,0,0
Ghost,51.5,297.5,0,0
Ghost,52.5,297.5,0,0
Ghost,53.5,297.5,0,0
Ghost,54.5,297.5,0,0
Ghost,55.5,297.5,0,0
Ghost,56.5,297.5,0,0
Ghost,57.5,297.5,0,0
Ghost,58.5,297.5,0,0
Ghost,59.5,297.5,0,0
Ghost,60.5,297.5,0,0
Ghost,61.5,297.5,0,0
Ghost,62.5,297.5,0,0
Ghost,63.5,297.5,0,0
Ghost,64.5,297.5,0,0
Ghost,65.5,297.5,0,0
Ghost,66.5,297.5,0,0
Ghost,67.5,297.5,0,0
Ghost,68.5,297.5,0,0
Ghost,69.5,297.5,0,0
Ghost,70.5,297.5,0,0
Ghost,71.5,297.5,0,0
Ghost,72.5,297.5,0,0
Ghost,73.5,297.5,0,0
Ghost,74.5,297.5,0,0
Ghost,75.5,297.5,0,0
Ghost,76.5,297.5,0,0
Ghost,77.5,297.5,0,0
Ghost,78.5,297.5,0,0
Ghost,79.5,297.5,0,0
Ghost,80.5,297.5,0,0
Ghost,81.5,297.5,0,0
Ghost,82.5,297.5,0,0
Ghost,83.5,297.5,0,0
Ghost,84.5,297.5,0,0
Ghost,85.5,297.5,0,0
Ghost,86.5,297.5,0,0
Ghost,87.5,297.5,0,0
Ghost,88.5,297.5,0,0
Ghost,89.5,297.5,0,0
Ghost,90.5,297.5,0,0
Ghost,91.5,297.5,0,0
Ghost,92.5,297.5,0,0
Ghost,93.5,297.5,0,0
Ghost,94.5,297.5,0,0
Ghost,95.5,297.5,0,0
Ghost,96.5,297.5,0,0
Ghost,97.5,297.5,0,0
Ghost,98.5,297.5,0,0
Ghost,51.5,298.5,0,0
Ghost,52.5,298.5,0,0
Ghost,53.5,298.5,0,0
Ghost,54.5,298.5,0,0
Ghost,55.5,298.5,0,0
Ghost,56.5,298.5,0,0
Ghost,57.5,298.5,0,0
Ghost,58.5,298.5,0,0
Ghost,59.5,298.5,0,0
Ghost,60.5,298.5,0,0
Ghost,61.5,298.5,0,0
Ghost,62.5,298.5,0,0
Ghost,63.5,298.5,0,0
Ghost,64.5,298.5,0,0
Ghost,65.5,298.5,0,0
Ghost,66.5,298.5,0,0
Ghost,67.5,298.5,0,0
Ghost,68.5,298.5,0,0
Ghost,69.5,298.5,0,0
Ghost,70.5,298.5,0,0
Ghost,71.5,298.5,0,0
Ghost,72.5,298.5,0,0
Ghost,73.5,298.5,0,0
Ghost,74.5,298.5,0,0
Ghost,75.5,298.5,0,0
Ghost,76.5,298.5,0,0
Ghost,77.5,298.5,0,0
Ghost,78.5,298.5,0,0
Ghost,79.5,298.5,0,0
Ghost,80.5,298.5,0,0
Ghost,81.5,298.5,0,0
Ghost,82.5,298.5,0,0
Ghost,83.5,298.5,0,0
Ghost,84.5,298.5,0,0
Ghost,85.5,298.5,0,0
Ghost,86.5,298.5,0,0
Ghost,87.5,298.5,0,0
Ghost,88.5,298.5,0,0
Ghost,89.5,298.5,0,0
Ghost,90.5,298.5,0,0
Ghost,91.5,298.5,0,0
Ghost,92.5,298.5,0,0
Ghost,93.5,298.5,0,0
Ghost,94.5,298.5,0,0
Ghost,95.5,298.5,0,0
Ghost,96.5,298.5,0,0
Ghost,97.5,298.5,0,0
Ghost,98.5,298.5,0,0
Ghost,395.073,298.9,2,0
Ghost,301.15,311.899,2,0
Ghost,289.648,311.898,4,0
Ghost,311.896,311.896,2,0
Ghost,310.276,311.896,2,0
Ghost,281.25,288.104,3,0
Ghost,298.85,293.423,2,0
Ghost,174.5,317.5,0,0
Ghost,183.5,319.5,0,0
Ghost,208.5,319.5,0,0
Ghost,173.5,323.5,0,0
Ghost,202.5,323.5,0,0
Ghost,181.5,325.5,0,0
Ghost,207.5,325.5,0,0
Ghost,202.5,327.5,0,0
Ghost,173.5,328.5,0,0
Ghost,188.5,329.5,0,0
Ghost,451.126,331.298,1,0
Ghost,462,328.103,1,0
Ghost,432.105,324.405,3,0
Ghost,419.677,334.396,3,0
Ghost,439.648,317.005,1,0
Ghost,447.922,324.5,4,0
Ghost,472.551,330.5,4,1
Ghost,422.208,344.699,2,0
Ghost,416.154,301.201,3,0
Ghost,405.153,348.898,3,0
Ghost,422.352,316.603,2,0
Ghost,489.846,328.102,4,0
Ghost,470.498,333.898,2,0
Ghost,482.923,331.5,4,1
Ghost,477.502,332.9,2,1
Ghost,447.55,348.899,4,0
Ghost,448.849,314.302,4,0
Ghost,421.651,342.697,3,0
Ghost,400.075,332.5,4,0
Ghost,480.025,331.594,4,1
Ghost,419.35,339.599,4,0
Ghost,424.926,348.895,2,0
Ghost,409.2,327.401,3,0
Ghost,411.479,348.898,3,0
Ghost,473.923,333.9,4,0
Ghost,287.148,337.6,3,0
Ghost,287.5,339.5,0,0
Ghost,288.5,341.5,0,0
Ghost,288.5,344.5,0,0
Ghost,287.5,345.5,0,0
Ghost,232.5,348.5,0,0
Ghost,288.5,348.5,0,0
Ghost,107.5,352.5,0,0
Ghost,111.5,352.5,0,0
Ghost,116.5,352.5,0,0
Ghost,142.5,352.5,0,0
Ghost,146.5,352.5,0,0
Ghost,197.5,352.5,0,0
Ghost,188.5,364.5,0,0
Ghost,177.5,365.5,0,0
Ghost,213.5,365.5,0,0
Ghost,221.5,365.5,0,0
Ghost,228.5,366.5,0,0
Ghost,191.5,368.5,0,0
Ghost,218.5,368.5,0,0
Ghost,233.5,369.5,0,0
Ghost,175.5,370.5,0,0
Ghost,218.5,371.5,0,0
Ghost,191.5,373.5,0,0
Ghost,233.5,375.5,0,0
Ghost,217.5,378.5,0,0
Ghost,230.5,380.5,0,0
Ghost,223.5,381.5,0,0
Ghost,217.5,385.5,0,0
Ghost,230.5,385.5,0,0
